/fill 65 -18 1057 55 -30 1069
/fill 54 -16 1069 42 -30 1057
/fill 54 -18 1091 42 -30 1070
/fill 51 -15 1089 45 -31 1095
/fill 81 -16 1091 49 -30 1112
/fill 54 -14 1094 71 -37 1071 (dark yellow)
/fill 91 -16 1100 82 -30 1112
/fill 131 -14 1120 92 -30 1092
/fill 112 -16 1054 124 -33 1091
/fill 102 -13 1021 134 -38 1053
/fill 102 -18 1031 92 -33 1043
/fill 92 -16 1031 80 -30 1043
/fill 80 -30 1044 92 -18 1051
/fill 79 -15 1031 64 -30 1043
/fill 92 -18 1030 80 -30 1022
/fill 77 -17 1021 95 -37 1005
/fill 106 -14 1074 66 -30 1052 (medium yellow)
/fill 112 -18 1020 124 -33 1008
/fill 111 -13 992 125 -31 1008 (dark yellow)